29 29 29 29 29 29 29 29 29 29 29 29 29 29 29 29 29 29 29 29 29 29 29 29 29 29 29 29 29 29 29 29 29 29 29 29 29 29 29 29 29 29 29 29 29 29 29 29 29 29 
29 29 29 29 20 22 22 22 22 22 19 29 29 29 29 29 29 29 29 29 29 29 29 29 29 29 29 29 29 29 29 29 29 29 29 29 29 29 29 29 29 29 29 29 29 29 29 29 29 29 
29 29 29 20 21 7 7 7 7 7 23 22 22 22 22 19 29 29 20 22 22 22 22 22 19 29 29 29 29 29 29 29 29 29 29 29 29 29 29 29 29 29 29 29 29 29 29 29 29 29 
29 29 29 24 7 3 4 5 7 7 7 7 7 7 7 23 22 22 21 7 7 7 7 7 25 29 29 29 29 29 29 29 20 22 22 22 22 22 19 29 29 29 29 29 29 29 29 29 29 29 
29 29 20 21 7 0 1 2 7 7 7 7 13 6 8 8 9 7 7 7 7 7 7 7 23 22 22 22 19 29 29 29 24 7 7 7 7 7 25 29 29 29 29 29 29 29 29 29 29 29 
29 29 24 7 7 0 1 2 7 7 7 7 12 7 7 7 7 7 7 7 7 7 7 7 7 7 7 7 23 22 22 22 21 7 7 10 7 7 23 22 22 22 22 22 22 22 19 29 29 29 
29 29 24 7 7 14 15 16 7 7 7 7 11 6 8 8 9 7 7 7 7 7 7 7 7 7 7 7 7 7 7 7 7 7 7 7 7 7 7 7 13 7 7 7 13 7 25 29 29 29 
29 29 24 7 7 7 7 7 7 7 7 7 7 7 7 7 7 7 7 7 7 7 10 10 7 7 7 7 7 7 7 7 7 7 7 7 7 7 7 7 11 7 7 7 12 7 25 29 29 29 
29 29 24 7 7 7 7 7 7 7 7 7 7 7 7 7 7 7 7 7 7 7 10 10 7 7 7 7 7 7 7 7 7 7 7 7 7 7 7 7 7 7 7 7 12 7 23 19 29 29 
29 29 24 7 7 7 7 7 7 7 7 7 7 7 7 7 7 7 7 7 7 7 7 7 7 7 7 7 7 7 7 7 7 7 7 7 7 7 7 7 13 7 7 7 12 7 7 25 29 29 
29 29 18 26 7 7 7 7 7 7 7 7 7 7 7 7 7 7 7 7 7 7 7 7 7 7 7 7 7 7 7 7 7 7 7 7 7 7 7 7 12 7 7 7 12 7 7 25 29 29 
29 29 29 18 26 7 7 7 7 7 7 7 7 13 6 9 7 6 9 13 7 7 7 7 7 7 7 7 7 7 7 7 7 7 3 4 4 5 7 7 12 7 7 7 12 7 7 25 29 29 
29 29 29 29 18 26 7 7 7 7 10 7 7 12 7 7 7 7 7 12 7 7 7 7 7 7 7 7 7 7 7 7 7 7 14 15 15 16 7 7 11 7 7 7 11 7 7 25 29 29 
29 29 29 29 29 24 7 7 7 7 10 7 7 12 7 7 7 7 7 12 7 7 7 7 7 7 7 7 7 7 7 7 7 7 7 7 7 7 7 10 7 7 7 10 7 7 7 25 29 29 
29 29 29 29 29 24 7 7 7 7 10 7 7 12 7 7 7 7 7 12 7 7 7 7 7 7 10 7 7 7 7 7 7 7 7 7 7 7 10 7 7 7 10 7 7 7 7 25 29 29 
29 29 29 29 29 24 7 7 7 7 10 7 7 12 7 7 7 7 7 12 7 7 7 7 7 7 7 7 7 7 7 10 7 7 7 7 7 10 7 7 7 10 7 7 7 7 7 25 29 29 
29 29 29 29 29 24 7 7 7 7 10 7 7 12 7 7 7 7 7 12 7 7 7 7 7 7 7 7 7 7 7 7 7 7 7 7 10 7 7 7 7 7 7 7 7 28 27 17 29 29 
29 29 29 20 20 21 7 7 7 7 10 7 7 11 6 8 8 8 9 11 7 10 7 7 7 7 7 7 7 7 7 7 7 7 7 7 7 10 7 7 7 10 7 7 7 25 29 29 29 29 
29 29 29 29 24 7 7 7 7 10 7 7 7 7 7 7 7 7 7 7 7 7 7 7 7 7 7 7 7 7 7 7 7 7 7 7 7 7 10 7 7 7 10 7 7 25 29 29 29 29 
29 29 29 29 24 7 7 7 10 7 7 7 7 7 7 7 7 7 7 7 7 7 7 7 7 7 7 7 28 27 27 27 26 7 7 7 7 7 7 10 7 7 7 10 7 25 29 29 29 29 
29 29 29 29 24 7 7 10 7 7 7 7 7 7 7 7 7 7 7 7 7 7 7 7 7 10 7 7 25 29 29 29 18 26 7 7 7 7 7 7 10 7 7 7 10 25 29 29 29 29 
29 29 29 29 24 7 7 10 7 7 7 7 7 7 7 3 4 5 7 7 7 7 7 7 7 7 7 7 23 22 19 29 29 18 26 7 7 7 7 7 7 7 7 7 7 23 19 29 29 29 
29 29 29 29 24 7 7 10 7 7 7 7 7 7 7 0 1 2 7 7 7 7 7 7 7 7 7 7 7 7 23 22 19 29 24 7 7 7 7 7 10 7 7 7 10 7 25 29 29 29 
29 29 29 20 21 7 7 10 7 7 7 7 7 7 7 14 15 16 7 7 7 7 7 7 7 7 7 7 7 7 7 7 25 29 24 7 7 7 7 10 7 7 7 10 7 7 25 29 29 29 
29 29 29 24 7 7 7 7 10 7 7 7 7 7 7 7 7 7 7 7 7 7 7 7 7 7 7 7 7 7 7 28 17 29 24 7 7 7 10 7 7 7 10 7 7 7 25 29 29 29 
29 29 29 24 7 7 7 7 7 7 7 7 7 7 7 7 7 7 7 7 7 7 7 7 7 7 7 7 7 7 7 25 29 20 21 7 7 10 7 7 7 10 7 7 28 27 17 29 29 29 
29 29 29 24 7 7 7 7 7 7 10 7 7 7 7 7 7 7 7 7 7 6 8 8 8 9 7 7 7 28 27 17 20 21 7 7 13 7 7 7 13 7 7 7 25 29 29 29 29 29 
29 29 29 24 7 7 7 7 7 7 10 7 7 7 7 7 7 7 7 7 7 7 7 7 7 7 7 7 28 17 29 29 24 7 7 7 12 7 7 7 12 7 7 7 25 29 29 29 29 29 
29 29 29 24 7 7 7 7 7 7 10 7 7 7 7 7 7 7 7 7 7 7 7 7 7 7 7 28 17 29 29 29 24 7 7 7 12 7 7 7 11 7 7 7 25 29 29 29 29 29 
29 29 20 21 7 7 7 7 7 7 10 7 7 7 7 7 7 7 7 7 7 7 7 7 7 7 7 25 29 29 29 29 24 7 7 7 12 7 7 7 7 7 7 7 25 29 29 29 29 29 
29 29 24 7 7 7 7 7 7 7 10 7 7 7 7 7 7 7 7 3 4 4 5 7 7 7 7 23 19 29 20 22 21 7 7 7 12 7 7 7 13 7 7 7 25 29 29 29 29 29 
29 29 24 7 7 7 7 7 7 7 10 7 7 7 7 7 7 7 7 0 1 1 2 7 7 7 7 7 23 22 21 7 7 7 7 7 12 7 7 7 12 7 7 7 23 19 29 29 29 29 
29 29 24 7 7 7 7 7 7 7 7 7 7 7 7 7 7 7 7 0 1 1 2 7 7 7 7 7 7 7 7 7 7 7 7 7 11 7 7 7 11 7 7 7 7 23 22 19 29 29 
29 29 24 7 7 7 7 7 7 7 7 7 7 7 7 7 7 7 7 0 1 1 2 7 7 7 7 7 7 7 7 7 7 7 7 7 7 7 7 7 7 7 7 7 7 7 7 23 22 19 
29 29 24 7 7 7 7 7 7 7 7 7 7 7 7 7 7 7 7 14 15 15 16 7 7 7 7 7 7 7 7 7 7 7 7 7 7 7 7 7 7 7 7 7 7 7 7 7 7 25 
29 29 24 7 7 7 7 7 7 7 7 7 7 7 7 7 7 7 7 7 7 7 7 7 7 7 7 7 7 7 7 7 7 7 7 7 7 7 7 7 7 7 7 7 3 4 4 4 5 25 
29 29 24 7 7 7 6 8 8 9 13 7 7 7 7 7 7 7 7 7 7 7 7 7 7 7 7 7 7 7 7 7 7 7 7 7 7 7 7 7 7 7 7 7 0 1 1 1 2 25 
29 29 18 26 7 7 7 7 7 7 12 7 7 7 7 7 7 7 7 7 7 7 7 7 10 7 7 10 7 7 7 7 7 7 7 3 4 5 7 7 7 7 7 7 0 1 1 1 2 25 
29 29 29 24 7 7 7 7 7 7 12 7 7 7 7 7 7 7 7 7 7 7 7 10 7 7 7 7 10 7 7 7 7 7 7 14 15 16 7 7 7 7 7 7 0 1 1 1 2 25 
29 29 29 24 7 7 7 7 7 7 11 7 7 7 7 7 7 7 7 7 7 7 10 7 7 7 7 7 7 10 7 7 7 7 7 7 7 7 7 7 7 7 7 7 14 15 15 15 16 25 
29 29 29 24 7 7 7 7 7 7 7 7 7 7 7 7 7 7 7 7 7 7 10 7 7 7 7 7 7 10 7 7 7 7 7 7 7 7 7 7 7 7 7 7 7 7 7 7 7 25 
29 29 29 18 26 7 7 7 7 7 7 7 7 7 7 7 7 7 7 7 7 7 10 7 7 7 7 7 7 10 7 7 7 7 7 7 7 7 7 7 10 7 7 7 7 7 7 7 7 25 
29 29 29 29 24 7 7 7 7 7 7 7 7 7 7 7 7 7 7 7 7 7 7 10 7 7 7 7 10 7 7 7 7 7 7 7 7 7 7 7 7 7 7 7 7 13 7 28 27 17 
29 29 29 29 24 7 7 7 7 7 7 7 7 7 7 7 7 7 7 7 7 7 7 7 10 10 7 10 7 7 7 7 7 7 7 7 7 7 7 7 7 7 7 7 7 12 7 25 29 29 
29 29 29 29 24 7 7 7 7 7 7 7 3 4 5 7 7 7 7 7 7 7 7 7 7 7 7 7 7 7 7 7 7 28 27 27 27 27 26 7 7 7 7 7 7 12 7 25 29 29 
29 29 29 29 18 27 27 27 26 7 7 7 14 15 16 7 7 7 7 7 7 7 7 7 28 27 27 27 27 27 27 27 27 17 29 29 29 29 24 7 7 7 7 7 7 11 7 25 29 29 
29 29 29 29 29 29 29 29 24 7 7 7 7 7 7 7 7 7 28 27 27 27 27 27 17 29 29 29 29 29 29 29 29 29 29 29 29 29 18 26 7 7 7 7 7 7 28 17 29 29 
29 29 29 29 29 29 29 29 18 27 27 27 27 27 27 27 27 27 17 29 29 29 29 29 29 29 29 29 29 29 29 29 29 29 29 29 29 29 29 18 27 27 27 27 27 27 17 29 29 29 
29 29 29 29 29 29 29 29 29 29 29 29 29 29 29 29 29 29 29 29 29 29 29 29 29 29 29 29 29 29 29 29 29 29 29 29 29 29 29 29 29 29 29 29 29 29 29 29 29 29 
29 29 29 29 29 29 29 29 29 29 29 29 29 29 29 29 29 29 29 29 29 29 29 29 29 29 29 29 29 29 29 29 29 29 29 29 29 29 29 29 29 29 29 29 29 29 29 29 29 29 
