38 38 38 38 38 38 38 38 38 38 38 38 38 38 38 38 38 38 38 38 38 38 38 38 38 38 38 38 38 38 38 38 38 38 38 38 38 38 38 38 38 38 38 38 38 38 38 38 38 38 
38 38 38 38 38 38 38 28 30 30 30 27 38 28 30 30 30 27 38 38 38 38 38 38 28 30 30 30 30 30 30 30 30 30 30 30 30 30 30 30 30 30 27 38 38 38 38 38 38 38 
38 38 38 38 28 30 30 29 24 25 6 31 30 29 24 25 6 33 38 38 38 38 38 28 29 13 6 6 6 6 6 6 6 6 6 6 6 24 25 6 24 25 31 30 27 38 38 38 38 38 
38 38 28 30 29 6 6 6 22 23 6 24 25 6 22 23 6 31 30 27 28 30 30 29 6 6 6 6 6 6 6 6 6 6 6 6 6 22 23 6 22 23 6 6 31 27 38 38 38 38 
38 38 32 6 6 24 25 6 6 6 6 22 23 6 6 6 6 6 6 31 29 24 25 6 6 6 6 6 6 6 6 6 24 25 6 13 6 6 6 6 6 6 24 25 6 31 27 38 38 38 
38 28 29 6 6 22 23 6 6 6 6 6 6 24 25 6 6 6 24 25 6 22 23 6 6 6 6 6 6 6 6 6 22 23 6 6 6 24 25 6 6 6 22 23 6 6 31 27 38 38 
38 32 6 6 6 6 6 6 6 6 6 6 6 22 23 6 6 6 22 23 6 6 6 6 6 6 6 14 16 16 17 6 6 6 6 6 6 22 23 6 24 25 6 6 24 25 6 33 38 38 
38 32 24 25 6 6 6 6 24 25 6 24 25 6 6 6 6 6 6 6 6 24 25 6 6 6 6 13 36 35 35 34 6 9 6 6 6 6 6 6 22 23 6 6 22 23 6 31 27 38 
38 32 22 23 6 6 6 6 22 23 6 22 23 6 6 24 25 6 6 13 13 22 23 6 6 6 6 36 37 38 38 26 35 35 35 34 6 6 6 6 6 6 6 13 6 6 6 6 33 38 
38 32 6 6 24 25 6 6 6 6 6 6 6 6 6 22 23 24 25 6 13 13 6 6 6 6 36 37 38 38 38 38 38 38 38 26 35 35 34 9 6 6 6 6 6 6 6 6 33 38 
38 32 6 6 22 23 6 6 6 6 24 25 6 6 6 6 6 22 23 24 25 13 6 6 6 6 31 27 38 38 38 38 38 38 38 38 38 38 26 34 6 6 6 6 6 6 6 6 33 38 
38 32 6 6 6 6 6 6 6 6 22 23 18 6 24 25 6 6 6 22 23 6 6 6 6 6 6 33 38 38 38 38 38 28 30 27 38 38 38 32 6 6 6 6 14 17 6 6 33 38 
38 32 6 6 6 6 6 6 6 6 6 6 18 6 22 23 6 6 6 6 6 6 6 6 6 6 6 31 27 38 38 38 28 29 9 33 38 28 30 29 6 6 6 6 18 6 6 6 33 38 
38 26 34 6 6 6 24 25 14 16 16 16 17 6 6 6 24 25 6 6 24 25 6 6 6 6 6 6 31 30 30 27 32 6 6 31 30 29 6 6 6 6 6 6 18 6 6 6 33 38 
38 38 32 6 6 6 22 23 18 24 25 6 24 25 6 6 22 23 6 6 22 23 6 6 6 6 6 6 6 24 25 31 29 6 6 6 6 6 6 6 6 6 6 14 17 6 6 6 33 38 
38 38 32 6 6 6 6 6 18 22 23 6 22 23 6 6 6 6 6 6 6 6 6 6 6 6 6 6 6 22 23 6 6 6 6 6 6 6 16 16 16 16 16 17 6 13 6 6 33 38 
38 38 32 6 6 6 6 6 18 6 6 6 6 6 6 6 6 6 6 6 6 6 6 6 6 6 6 6 6 6 6 6 6 6 6 6 6 6 6 6 6 6 6 6 6 6 6 6 33 38 
38 38 26 34 6 6 15 16 17 6 6 6 6 6 6 6 6 6 6 6 6 6 6 6 6 6 6 6 6 6 6 6 6 6 6 6 6 6 6 6 6 6 6 6 6 6 6 6 33 38 
38 38 38 32 6 6 6 6 6 6 6 6 6 6 15 16 16 16 16 16 17 6 6 6 6 6 6 6 6 6 6 6 6 6 6 6 24 25 6 6 6 6 6 6 6 6 6 36 37 38 
38 38 38 32 6 6 6 6 6 6 6 6 6 6 6 6 6 6 6 6 6 6 6 6 6 6 6 5 7 7 7 7 7 7 7 8 22 23 6 6 6 6 6 6 6 6 6 33 38 38 
38 38 28 29 6 6 6 6 6 6 6 6 6 6 6 6 6 6 6 6 6 6 6 6 6 6 6 6 6 6 6 6 6 6 6 6 6 6 6 6 6 6 6 6 6 6 36 37 38 38 
38 28 29 6 6 6 6 6 6 6 6 6 6 6 6 6 5 7 7 7 7 8 6 6 6 6 6 6 6 6 6 6 6 6 6 6 6 6 6 6 6 6 6 6 6 6 33 38 38 38 
38 32 6 6 6 6 6 6 6 6 6 6 6 6 6 6 6 6 6 6 6 6 6 6 6 9 6 6 6 6 6 6 6 6 6 6 6 6 6 6 6 6 6 6 6 6 33 38 38 38 
38 32 6 6 9 9 6 6 9 6 6 6 6 6 6 6 6 6 6 6 6 6 9 6 6 6 6 6 9 6 6 5 7 7 7 8 6 6 6 6 6 6 6 6 6 6 31 27 38 38 
38 32 6 6 6 9 9 6 9 6 6 24 25 6 6 6 6 6 6 6 6 6 6 6 9 6 9 6 6 6 6 6 6 6 6 6 6 6 6 6 9 6 6 6 9 6 6 33 38 38 
38 32 6 6 6 6 6 6 6 6 6 22 23 6 6 6 6 6 6 6 9 6 9 6 6 6 6 6 9 6 9 6 6 6 6 6 6 6 6 6 6 6 6 6 6 6 6 33 38 38 
38 32 6 6 9 6 6 9 6 6 6 6 6 6 6 6 6 6 6 6 6 6 6 6 9 6 9 6 6 6 6 6 6 6 6 6 6 6 6 6 6 6 6 6 6 6 6 33 38 38 
38 32 6 6 6 9 6 6 6 6 6 6 6 6 6 6 6 6 6 6 6 6 9 6 6 6 6 6 9 6 6 6 6 6 6 6 6 6 15 16 16 16 16 16 16 17 6 31 27 38 
38 32 6 6 6 6 6 2 3 4 6 6 6 6 6 6 6 6 5 7 8 6 6 6 6 9 6 6 6 6 24 25 6 6 6 9 6 6 6 6 6 6 6 6 6 6 6 6 33 38 
38 32 6 6 6 6 6 0 9 1 6 6 6 6 6 6 6 6 6 6 6 6 6 6 6 6 6 6 6 6 22 23 6 6 6 6 6 6 6 6 6 6 9 6 6 6 6 6 33 38 
38 26 34 6 6 6 6 19 20 21 6 6 6 6 6 6 6 6 6 6 6 6 6 6 6 6 6 6 6 6 6 6 6 6 6 6 6 6 6 6 6 6 6 6 6 6 6 6 33 38 
38 38 32 6 6 6 6 6 6 6 6 6 6 6 6 24 25 6 6 6 6 6 6 6 6 6 6 6 6 6 6 6 6 6 6 6 6 6 6 6 6 6 6 6 13 13 13 6 33 38 
38 38 32 6 6 13 6 6 6 6 6 6 6 6 6 22 23 6 6 6 6 6 6 6 6 6 6 2 3 3 3 3 3 3 3 3 3 3 4 6 6 6 6 6 6 6 6 36 37 38 
38 38 32 6 6 6 6 6 6 6 6 6 6 6 6 6 6 6 6 6 6 6 6 6 6 6 6 19 20 20 20 20 20 20 20 20 20 20 21 6 6 6 6 6 6 6 6 31 27 38 
38 38 26 34 6 6 6 6 6 6 6 6 6 6 6 6 6 6 6 9 6 6 6 6 6 6 6 6 6 6 6 6 6 6 6 6 6 6 6 6 6 6 6 6 9 6 6 6 33 38 
38 38 28 29 6 6 6 6 6 6 6 6 6 6 6 6 6 6 6 6 6 9 6 9 6 6 6 6 6 6 6 6 6 6 6 6 6 6 6 6 6 6 6 6 6 6 6 6 31 27 
38 38 32 6 15 16 17 6 6 6 6 6 6 6 6 6 6 6 6 6 6 6 6 6 6 6 6 6 6 6 6 6 6 24 25 6 6 6 6 6 6 6 6 6 6 6 6 6 9 33 
38 38 32 6 6 6 6 13 6 6 9 6 6 6 6 6 6 6 6 6 6 6 6 6 6 6 6 6 6 6 6 6 6 22 23 6 6 6 6 6 14 17 6 6 24 25 6 6 36 37 
38 38 26 34 6 6 6 36 35 34 6 6 6 6 6 6 5 7 7 7 7 7 7 8 6 6 6 6 6 6 6 6 6 6 6 6 6 6 6 6 18 6 6 6 22 23 6 36 37 38 
38 38 38 32 6 36 35 37 38 26 34 6 6 6 6 6 6 6 6 6 6 6 6 6 6 6 6 6 6 6 6 6 6 6 6 6 6 6 14 16 17 6 6 6 6 6 6 33 38 38 
38 38 38 26 35 37 38 38 38 38 26 34 6 6 6 6 6 6 6 24 25 6 6 6 6 6 6 6 14 16 16 16 16 16 16 16 16 16 17 6 6 6 6 6 6 6 6 33 38 38 
38 38 38 38 38 38 38 38 28 30 30 29 6 6 6 6 6 6 6 22 23 6 6 6 6 6 6 14 17 6 6 6 6 6 6 6 6 6 6 6 6 6 6 6 6 9 6 33 38 38 
38 38 38 38 28 30 30 30 29 6 6 6 6 6 6 6 6 6 6 6 6 6 6 6 15 16 16 17 6 6 6 6 6 6 6 6 6 6 6 6 14 17 6 6 6 6 6 33 38 38 
38 38 38 38 32 6 6 6 6 6 6 6 6 36 34 6 6 6 6 6 6 6 6 6 6 6 6 6 6 6 6 6 6 6 6 6 6 6 6 6 18 6 36 35 35 35 35 37 38 38 
38 38 38 28 29 6 9 6 6 6 6 36 35 37 32 6 6 6 6 6 6 6 6 6 6 6 6 6 6 6 6 6 6 6 6 6 6 6 14 16 17 36 37 38 38 38 38 38 38 38 
38 38 38 32 6 6 6 6 6 6 36 37 38 38 32 6 6 6 6 9 6 6 6 6 6 6 6 6 14 16 16 16 16 16 16 16 16 16 17 6 36 37 38 38 38 38 38 38 38 38 
38 38 38 32 6 6 6 6 6 36 37 38 38 38 26 35 35 35 34 6 6 6 6 6 6 6 6 14 17 36 35 35 35 35 34 6 6 6 6 36 37 38 38 38 38 38 38 38 38 38 
38 38 38 26 34 6 6 6 9 33 38 38 38 38 38 38 38 38 26 35 35 35 34 6 15 16 16 17 36 37 38 38 38 38 26 35 35 35 35 37 38 38 38 38 38 38 38 38 38 38 
38 38 38 38 26 35 35 35 35 37 38 38 38 38 38 38 38 38 38 38 38 38 26 35 35 35 35 35 37 38 38 38 38 38 38 38 38 38 38 38 38 38 38 38 38 38 38 38 38 38 
38 38 38 38 38 38 38 38 38 38 38 38 38 38 38 38 38 38 38 38 38 38 38 38 38 38 38 38 38 38 38 38 38 38 38 38 38 38 38 38 38 38 38 38 38 38 38 38 38 38 
